15 100
1385 1227 166 563 850 383 495 1428 1270 371 830 1247 1347 507 627 436 1384 540 1348 1382 1253 1113 287 999 720 694 870 1182 318 1283 806 518 908 526 642 1004 1014 36 301 177 1294 902 689 51 1167 1414 852 733 1223 1099 160 1397 747 241 857 99 582 19 726 419 1217 83 1335 1 1452 817 702 972 1488 499 85 630 269 1071 1362 98 1107 275 452 1265 295 110 821 12 653 1470 866 332 343 350 989 1431 576 279 1393 740 1177 531 378 1047 
434 717 482 608 1374 1375 234 260 1299 354 253 87 761 801 76 1082 809 1164 626 1054 826 1019 321 202 100 302 1106 184 280 1310 883 701 2 392 412 622 529 1432 954 632 1146 1395 120 466 1180 1342 1471 948 869 913 117 900 1460 314 957 1002 1415 191 1324 710 604 1413 943 1213 25 374 194 1328 1237 347 1425 994 1157 1497 1293 238 800 967 267 693 804 17 220 1184 249 1368 1057 353 552 644 1060 590 435 214 1284 1005 974 737 1154 643 
1381 1438 1062 1056 1151 811 211 94 950 219 1200 1238 1327 569 977 157 336 1028 1163 1306 121 108 1098 1376 791 1408 1230 533 1109 864 1359 849 1341 1388 388 498 543 818 1125 893 493 995 143 1337 129 138 573 286 655 180 252 71 1313 1031 1472 1351 944 1022 1134 199 20 1298 377 473 1277 146 399 1498 504 208 443 762 1309 819 1235 200 1482 345 356 790 300 242 218 678 1174 1131 568 814 712 1010 706 257 760 381 262 1252 169 722 1336 575 
209 1112 145 682 929 1271 727 1350 715 676 838 1246 1085 963 1421 873 63 1390 1281 312 1117 48 1189 519 282 352 62 1279 1389 714 18 1025 1318 1209 123 903 853 258 721 91 411 1067 1244 1212 445 1173 203 442 221 313 980 152 654 772 1186 119 1276 614 1076 735 11 453 28 346 127 43 156 1304 193 273 150 1321 384 917 187 4 1491 246 997 578 334 1264 49 757 1175 836 112 1255 1006 320 54 309 1168 283 862 492 586 1307 106 405 
1012 797 340 647 1334 165 359 511 1354 1407 523 1147 764 259 479 840 686 1269 1111 910 935 583 877 1463 709 1326 522 1040 965 111 1418 32 916 263 1240 125 192 750 216 1207 355 1141 1286 589 474 770 1039 707 782 1396 375 1236 1033 1135 623 824 1340 501 896 1456 815 577 926 1378 516 70 1075 41 1077 158 1370 650 922 631 271 57 1160 1468 6 1300 34 859 1195 1333 1066 1221 985 884 613 571 1124 955 976 823 603 605 1343 1256 10 898 
159 635 1003 266 136 612 690 1447 979 3 711 1377 891 1091 95 1323 524 662 84 1101 527 44 865 465 322 981 991 787 1121 724 669 468 496 1192 1268 579 379 1044 1241 161 1262 77 14 723 409 1093 1483 899 1149 1449 1017 1420 1322 31 255 695 8 96 239 73 124 229 691 223 509 1196 1084 538 517 672 1448 1153 1030 1097 544 1083 472 1251 984 774 718 1100 953 960 751 464 920 1417 204 1045 1372 1137 758 975 660 402 325 580 348 1179 
851 539 132 278 651 323 1475 547 592 1214 912 1070 513 75 1096 620 344 206 153 998 1464 767 659 1331 368 875 189 1193 329 1405 831 939 1020 856 1412 1339 1248 789 921 1273 879 846 610 1451 1156 477 555 333 1352 820 1473 232 1128 993 688 1058 115 1090 773 502 1194 367 469 1220 197 837 1435 1123 1345 1234 550 126 92 591 30 1430 561 1046 264 934 114 1095 1459 276 61 113 27 1409 658 1260 606 808 545 297 400 1257 648 515 621 337 
949 458 766 829 636 331 1399 970 446 1474 1301 982 486 1181 597 170 564 752 198 478 1461 210 299 416 887 888 649 1454 1176 805 449 525 1446 68 600 927 1239 133 467 1068 930 868 423 1069 1065 1094 510 542 832 1011 1138 596 1366 1355 341 771 404 1398 742 673 1288 33 783 243 1371 1380 167 914 1450 175 459 1442 247 581 528 700 21 1493 1250 558 174 1139 736 373 131 684 1329 137 677 924 1484 429 1074 514 892 520 1211 616 82 1434 
675 1148 391 349 535 164 1021 1064 1203 532 1400 798 1259 1158 385 1280 428 593 326 29 911 854 793 925 65 183 304 833 307 93 1228 1172 437 763 450 1441 1072 663 396 901 749 641 872 311 231 130 1130 122 936 480 471 37 1061 885 1140 128 685 973 567 1038 611 634 1436 42 237 769 986 966 365 680 135 505 330 601 556 358 1296 393 403 1034 574 415 186 617 382 1302 432 230 1344 971 140 291 656 1480 1190 104 847 141 534 296 
1275 1225 692 551 151 640 178 961 904 1411 215 785 607 843 55 251 697 637 753 602 488 1356 779 587 1232 889 681 810 572 628 338 1445 171 668 456 9 116 1373 813 743 1029 406 483 1000 1048 1024 1349 788 828 1243 196 7 1292 1494 35 731 1486 638 155 47 59 775 646 969 968 905 987 645 46 13 745 1401 1191 427 1469 250 1087 512 387 228 1379 1404 683 1319 1427 433 554 142 407 201 557 1423 148 366 1363 1416 431 1403 615 16 
418 1367 1013 476 380 755 154 1122 1392 1495 1053 624 226 372 1132 698 956 1162 80 537 26 268 408 861 217 1224 704 58 426 781 1126 1206 179 451 248 909 858 667 293 1009 1204 439 732 1320 212 983 609 665 595 438 1079 786 1052 261 101 1144 1437 500 455 687 1016 708 1443 102 1089 342 1476 1088 1023 1308 310 24 195 839 746 162 803 1485 730 1092 305 1108 848 298 536 39 1338 1282 1440 457 1210 1487 834 1303 490 880 1433 361 1315 1386 
661 40 1104 386 389 1170 1226 1444 748 90 1043 988 497 933 74 489 890 22 906 713 86 521 487 670 1410 97 1198 1314 398 5 1316 777 233 308 633 1305 1455 163 245 1357 15 729 491 565 1346 149 1199 744 462 794 871 1272 225 173 470 413 962 878 484 618 147 945 172 802 768 739 1115 1171 168 559 566 1295 397 1422 1105 1285 1102 38 182 1330 1465 290 725 1364 425 1133 1325 1059 754 185 719 254 422 1466 1365 671 303 1197 139 1063 
288 1145 940 360 1183 639 792 780 107 947 1150 481 369 1178 812 860 1119 1041 1490 222 1394 53 362 1129 881 181 1208 176 1229 978 1050 1311 1254 932 759 1477 1369 1026 915 1287 728 674 625 319 274 240 964 716 530 1424 799 285 292 1478 958 81 1332 776 546 317 585 78 570 390 447 588 876 417 1278 440 874 1457 863 946 822 919 316 506 1007 657 1205 294 1015 1118 741 1035 1242 1166 562 867 103 855 835 894 699 1391 394 1008 424 548 
315 907 52 1462 351 376 89 1297 364 1358 50 272 765 1458 1185 1489 959 395 370 738 952 886 1215 1086 1312 277 923 1467 109 324 845 463 1402 990 598 882 441 1081 503 118 1202 1110 584 666 1289 844 1291 842 410 205 188 1027 1233 1258 1078 1222 918 1429 1018 460 289 224 1032 549 79 444 1114 66 421 1161 941 1049 1249 1426 1261 67 841 756 1499 64 1231 56 897 696 494 72 619 1169 327 1218 281 795 1360 430 778 553 1361 1353 363 508 
599 190 825 1492 942 1266 1406 1290 664 1453 895 1219 1500 1127 931 1216 207 328 461 1479 951 1188 306 45 244 420 816 1042 454 227 485 414 541 703 928 1143 1187 1159 992 265 270 1051 1267 1263 1080 1481 1152 1103 256 796 560 23 1116 1496 134 1245 1055 475 1037 69 1136 705 1439 335 594 105 1201 1120 144 339 1274 1142 1383 236 629 284 1165 679 235 1317 1001 1155 1073 734 213 937 827 448 401 357 652 938 60 1036 807 1387 784 996 1419 88 
355 215 638 532 861 821 520 148 858 620 579 670 748 706 278 275 794 735 935 262 593 806 748 482 895 853 572 660 500 320 766 734 322 454 582 132 576 610 817 629 460 579 171 947 558 775 729 251 512 332 496 408 438 350 714 921 369 930 363 195 172 715 990 923 798 828 194 740 796 860 518 248 936 773 555 711 713 701 178 135 854 201 771 806 756 937 265 918 862 726 590 657 637 483 968 126 220 378 565 357 
850 688 832 275 939 386 507 821 438 774 602 520 449 537 892 630 194 114 453 824 647 699 363 973 909 397 859 283 190 544 384 880 333 314 658 709 307 748 263 289 421 504 770 226 129 509 345 472 756 709 665 638 757 626 739 568 847 412 303 578 312 379 969 913 912 441 373 606 948 626 794 994 195 204 401 325 980 924 513 677 421 550 864 818 384 745 924 974 282 799 653 264 444 219 566 996 475 709 636 205 
533 229 293 543 655 846 232 531 474 751 142 517 736 212 471 978 460 616 107 451 107 583 714 887 932 667 855 468 921 511 893 527 889 352 868 978 610 965 877 609 572 877 705 363 126 286 697 567 741 122 242 299 546 109 841 132 159 649 399 731 253 736 310 816 242 433 759 128 251 820 845 440 669 503 368 458 301 622 598 534 400 893 623 153 874 141 112 405 166 716 767 388 695 526 873 704 602 746 779 116 
652 616 604 492 247 484 194 279 676 966 930 958 176 505 278 517 306 484 369 752 381 117 819 577 822 751 647 648 823 747 102 484 981 431 850 715 604 259 730 401 155 167 639 935 352 838 976 870 266 760 393 510 339 409 971 230 201 315 695 568 338 970 662 956 917 725 542 410 997 405 455 903 648 791 589 401 110 337 680 938 841 226 130 968 435 251 747 695 558 322 483 921 700 495 208 443 690 612 290 187 
671 304 882 167 639 766 875 199 899 498 231 401 195 742 626 787 714 851 468 323 696 830 131 290 535 827 620 973 937 942 547 633 766 383 785 850 172 541 158 554 892 945 691 647 695 619 867 441 263 789 637 645 949 860 824 285 539 295 517 831 783 875 339 481 546 650 351 134 351 886 876 122 666 720 797 279 856 835 148 948 483 776 765 826 354 898 994 975 634 342 102 631 122 559 617 122 835 186 134 519 
511 904 299 960 212 275 826 183 331 588 698 661 401 371 707 506 579 385 678 467 737 353 241 137 879 133 397 988 687 831 553 307 656 213 341 533 502 828 690 613 196 857 846 847 554 723 577 343 122 489 153 111 480 996 786 202 507 789 927 746 549 619 185 815 710 254 827 881 703 327 677 336 812 384 909 137 184 291 909 544 898 815 887 729 635 886 216 254 453 414 711 512 569 808 560 432 287 874 813 235 
713 453 441 246 832 874 670 208 809 797 944 459 931 572 499 240 452 127 146 599 372 742 975 413 931 512 707 361 769 168 805 173 722 871 281 369 357 165 819 914 182 389 854 417 989 287 588 178 586 437 318 449 578 293 303 564 510 240 607 364 407 917 130 155 936 708 453 702 473 202 612 622 438 814 530 557 302 917 427 246 556 676 646 247 791 596 435 522 708 172 234 267 213 562 485 100 719 459 768 411 
458 713 189 767 310 274 146 647 248 507 641 204 439 711 440 245 586 531 202 713 874 415 678 709 806 377 830 518 164 952 554 645 921 149 839 661 350 249 686 645 611 648 556 638 567 402 707 690 390 187 646 452 685 751 201 133 182 799 797 699 601 339 147 198 223 309 931 442 471 406 253 931 516 229 506 128 747 824 671 485 423 993 922 205 898 685 981 493 201 720 138 501 283 138 736 681 740 750 478 284 
211 419 904 914 561 304 137 199 522 656 583 103 634 243 485 685 401 655 600 832 842 870 854 669 101 412 732 803 642 450 292 335 369 667 141 616 269 877 211 153 758 939 302 953 615 445 604 522 551 565 333 134 748 198 309 494 894 753 833 143 700 931 697 273 859 983 567 618 424 822 738 417 871 947 936 378 125 514 667 969 410 729 292 372 846 985 685 711 317 280 926 257 567 742 705 299 766 141 665 706 
490 552 491 124 679 344 104 466 687 423 450 513 240 597 249 569 728 431 585 635 768 310 923 738 832 342 505 229 897 120 971 958 362 951 710 484 304 712 304 440 401 998 468 741 210 113 514 889 774 188 338 766 876 474 369 351 795 191 125 850 833 986 286 741 710 837 809 624 764 188 648 857 363 244 716 557 241 225 944 597 361 321 827 823 763 531 394 747 741 636 437 203 828 299 673 526 635 617 404 607 
899 241 245 389 605 948 723 307 975 672 173 652 662 440 578 546 545 828 872 326 103 940 540 871 326 377 952 122 894 623 813 947 201 831 504 404 856 890 877 209 922 572 670 528 513 703 458 686 154 871 654 397 809 583 204 101 459 755 438 977 830 693 881 901 458 883 608 102 523 221 450 918 306 530 687 641 813 788 910 389 655 272 358 979 717 929 415 423 128 717 390 399 668 844 701 676 242 755 507 328 
379 484 425 643 780 358 692 861 625 122 252 305 404 957 101 224 773 691 611 256 343 536 990 315 389 354 770 252 232 678 557 718 678 526 274 102 857 583 602 785 633 890 988 445 889 463 409 837 537 570 705 404 282 383 890 493 140 410 622 968 291 396 672 261 978 515 885 423 852 903 476 227 496 482 464 204 895 973 692 624 532 798 112 986 224 781 321 175 422 681 915 918 866 296 405 689 781 611 245 749 
235 966 332 412 863 924 394 873 803 958 577 660 507 696 998 805 607 793 898 155 955 320 331 202 186 411 426 738 151 258 309 951 284 966 739 180 993 947 745 771 533 333 544 559 480 911 775 913 575 705 496 818 998 681 989 353 420 700 552 540 507 566 304 802 680 921 569 338 342 979 114 150 718 696 558 239 128 162 546 619 853 513 467 711 106 501 352 573 726 570 519 853 749 811 141 290 860 637 590 106 
172 910 956 158 684 343 816 264 768 786 358 449 542 429 521 424 193 638 520 318 909 491 852 238 971 234 739 814 997 713 199 884 657 589 748 495 261 592 535 842 660 602 267 537 697 807 891 492 455 156 956 292 294 842 700 317 743 562 955 537 807 425 705 608 870 433 614 679 492 777 612 640 165 433 730 487 794 920 832 791 197 798 207 474 375 150 100 630 963 513 199 777 156 840 859 853 878 640 355 777 
133 287 644 139 413 732 226 126 744 589 212 691 502 857 972 435 885 987 919 455 914 397 235 618 839 476 159 673 415 375 319 333 735 654 801 920 866 895 608 909 551 579 129 310 243 559 561 721 928 875 249 727 155 403 120 589 479 265 894 470 562 758 417 553 623 454 695 915 956 325 823 212 792 264 592 734 467 701 655 886 266 861 576 736 953 462 562 147 738 555 166 138 592 146 742 663 311 140 897 648 
30 30 30
656 8360 74
1364 315 3
497 1149 59
425 5063 57
299 1734 94
579 26482 60
87 16973 7
361 8049 3
389 12675 37
174 11680 11
1323 12974 91
984 195 90
1381 3938 26
1377 25026 64
839 1075 36
80 28406 97
724 1442 11
282 5550 9
1000 2129 57
1156 1703 41
1123 2728 61
102 476 42
1232 9613 43
340 16003 38
1145 10867 85
1183 1413 29
1183 3744 63
1372 2675 94
618 32195 52
1419 8001 18
1420 11
208 5
226 9
189 13
265 1
1150 13
201 11
571 1
1273 13
1018 3
1383 1
301 5
192 13
623 9
987 11
502 13
331 11
25 7
557 11
372 13
221 11
301 9
75 9
308 15
664 5
28 3
1480 13
740 1
1494 3
710 7
618 1715 51
31 6895 75
1393 7049 92
157 5991 56
1394 3975 63
1183 13966 33
787 10162 10
25 1902 2
1374 3243 28
1346 2421 78
933 3915 29
418 718 58
1445 12316 22
1346 42474 51
907 1776 96
807 14194 57
1445 9843 46
1329 7764 46
1393 14243 58
1273 7865 37
99 18026 15
1419 4202 25
1393 4101 25
1346 542 54
807 6810 4
933 13778 53
1145 18485 80
1329 21142 71
31 1059 44
1346 850 6
